,0,1,predict,class_label
0,0.7212362532851747,0.2787637467148253,0,0
1,0.5245865656270317,0.47541343437296835,0,0
2,0.5689067463762372,0.4310932536237628,0,0
3,0.4940464775342301,0.5059535224657699,1,1
4,0.5244535054978122,0.4755464945021878,0,0
5,0.5749624745539864,0.4250375254460136,0,1
6,0.6683468469484571,0.33165315305154286,0,0
7,0.5188076469663138,0.48119235303368624,0,0
8,0.6247901299295338,0.3752098700704663,0,1
9,0.46266654882209524,0.5373334511779048,1,1
10,0.6122435178231965,0.3877564821768035,0,1
11,0.593416850849847,0.40658314915015303,0,1
12,0.5376972914268633,0.4623027085731367,0,1
13,0.41860506806303305,0.5813949319369669,1,1
14,0.5682191357638542,0.43178086423614576,0,1
15,0.4566657762754066,0.5433342237245934,1,1
16,0.3813446798815049,0.618655320118495,1,0
17,0.4442513743798032,0.5557486256201968,1,1
18,0.4499014123852859,0.5500985876147141,1,0
19,0.5312641489180371,0.4687358510819629,0,1
20,0.39401518942706604,0.605984810572934,1,0
21,0.5002305177862219,0.4997694822137781,0,0
22,0.5930564548928363,0.40694354510716374,0,1
23,0.44463539046165385,0.5553646095383462,1,0
24,0.48133578980563907,0.518664210194361,1,1
25,0.45814872046851873,0.5418512795314813,1,0
26,0.6245782703503663,0.3754217296496337,0,0
27,0.5309777819604862,0.4690222180395138,0,0
28,0.5497887598908138,0.45021124010918623,0,0
29,0.46217056465702805,0.537829435342972,1,0
30,0.5995124155737547,0.4004875844262453,0,0
31,0.6311191696096478,0.36888083039035224,0,1
32,0.6164367268265339,0.38356327317346606,0,0
33,0.7243449753328588,0.2756550246671412,0,0
34,0.4622240663135445,0.5377759336864555,1,0
35,0.6247901183403293,0.3752098816596707,0,1
36,0.5625110644470115,0.4374889355529885,0,1
37,0.5812170371766845,0.4187829628233155,0,1
38,0.48755722940141605,0.5124427705985839,1,0
39,0.5250841849395613,0.47491581506043873,0,0
40,0.4964057329785593,0.5035942670214408,1,0
41,0.46244846218143393,0.537551537818566,1,0
42,0.681238968886404,0.318761031113596,0,1
43,0.4127346563983128,0.5872653436016873,1,1
44,0.3192598532134068,0.6807401467865933,1,0
45,0.5065125198158565,0.49348748018414346,0,0
46,0.6432980594670352,0.35670194053296467,0,1
47,0.555837670913119,0.4441623290868811,0,1
48,0.630877389965996,0.3691226100340041,0,1
49,0.5254499900046149,0.4745500099953851,0,0
50,0.34391984100958717,0.6560801589904128,1,0
51,0.46275114499750103,0.537248855002499,1,1
52,0.31948343547444324,0.6805165645255566,1,0
53,0.5875013407865727,0.4124986592134273,0,1
54,0.7182527462888924,0.2817472537111076,0,1
55,0.5750206658897515,0.42497933411024846,0,1
56,0.6312693704627685,0.3687306295372314,0,1
57,0.5374154444469983,0.46258455555300165,0,0
58,0.6619957683350165,0.3380042316649835,0,0
59,0.6186654444469983,0.38133455555300166,0,1
60,0.58683192619097,0.4131680738090299,0,1
61,0.5561375050102334,0.4438624949897666,0,0
62,0.3755597493958778,0.6244402506041222,1,1
63,0.7182606274362779,0.28173937256372217,0,1
64,0.5006210370210438,0.49937896297895623,0,0
65,0.37515963184823753,0.6248403681517625,1,0
66,0.5441872003894611,0.4558127996105389,0,0
67,0.7432112666609288,0.2567887333390712,0,0
68,0.6748062393866894,0.3251937606133106,0,0
69,0.5361573231177112,0.4638426768822888,0,1
70,0.5367997412540519,0.463200258745948,0,1
71,0.5558318192548329,0.44416818074516706,0,1
72,0.6000368906939763,0.3999631093060238,0,0
73,0.3382442453088741,0.6617557546911258,1,0
74,0.6004670390755137,0.3995329609244863,0,0
75,0.5559862848134192,0.4440137151865809,0,1
76,0.6183317147099786,0.3816682852900214,0,1
77,0.5603098131729755,0.43969018682702454,0,0
78,0.44375,0.55625,1,0
79,0.5501028852002487,0.4498971147997512,0,0
80,0.2634027751535831,0.7365972248464168,1,1
81,0.4163306600425454,0.5836693399574545,1,0
82,0.4813702309903836,0.5186297690096164,1,0
